Area code	Population	x position	yposition
S08000015	369670	-200.248	3834.38
S08000016	115270	-117.758	3836.53
S08000017	148790	-167.316	3796.78
S08000029	371910	-138.794	3875.32
S08000019	306070	-168.585	3869.1
S08000020	584550	-103.895	3955.45
S08000031	1174980	-188.547	3855.06
S08000022	321800	-199.853	3941.4
S08000032	659200	-174.629	3850.3
S08000024	897770	-139.951	3859.21
S08000025	22190	-132.15	4070.15
S08000026	22990	-51.8223	4154.95
S08000030	416080	-135.91	3897.93
S08000028	26830	-290.465	4001.74
E09000002	211998	5.39351	3556.68
E09000003	392140	-8.97586	3560.74
E08000016	245199	-63.5716	3694.65
E06000022	192106	-105.851	3544.28
E06000055	171623	-20.5522	3597.89
E09000004	247258	5.92818	3550.8
E08000025	1141374	-81.8525	3621.21
E06000008	148942	-107.582	3707.25
E06000009	139305	-132.015	3713.51
E08000001	285372	-106.371	3696.79
E06000036	121676	-33.0605	3546.67
E08000032	537173	-78.3093	3713.68
E09000005	330795	-11.2096	3557.09
E06000043	290395	-6.39415	3507.43
E06000023	463405	-112.416	3550.75
E09000006	331096	1.14637	3545.95
E10000002	505283	-32.1968	3567.84
E08000002	190108	-100.021	3696.21
E08000033	210082	-82.5334	3706.44
E10000003	621210	0.976531	3609.04
E09000007	262226	-6.21446	3555.86
E06000056	283606	-20.6197	3586.49
E06000049	380790	-100.159	3670.69
E06000050	340502	-121.064	3673
E09000001	8706	-3.9713	3554.49
E06000052	565968	-215.241	3472.51
E06000047	526980	-70.8185	3777.92
E08000026	366785	-65.3765	3616.5
E09000008	385346	-4.21673	3544.45
E10000006	499858	-133.415	3764.21
E06000005	106566	-67.3936	3762.61
E06000015	257174	-63.8564	3650.96
E10000007	769686	-66.3308	3666.36
E10000008	746399	-158.982	3499.68
E08000017	310542	-48.5988	3693.41
E06000059	376484	-99.4697	3504.01
E08000027	320626	-91.625	3621.42
E09000009	341982	-14.2229	3554.83
E06000011	339614	-21.5669	3716.72
E10000011	526671	12.4133	3510.72
E09000010	333869	-3.60069	3563.08
E10000012	1393587	24.6464	3570.93
E08000037	202508	-71.2646	3791.14
E10000013	596984	-94.5082	3576.73
E09000011	286186	2.2231	3551.91
E09000012	279665	-2.97446	3556.9
E06000006	128432	-118.276	3681.28
E09000013	185426	-9.40749	3552.93
E10000014	1317788	-52.632	3521.35
E09000014	270624	-4.53066	3559.67
E09000015	250149	-14.7483	3559.83
E06000001	93242	-53.2495	3772.93
E09000016	257810	8.84755	3558.48
E06000019	192107	-117.194	3593.39
E10000015	1116062	-11.6553	3572.05
E09000017	304824	-19.0113	3556.02
E09000018	270782	-15.1738	3551.44
E06000046	141538	-54.3213	3497.45
E06000053	2242	-274.345	3444.59
E09000019	239142	-4.72354	3556.23
E09000020	156197	-8.10096	3553.38
E10000016	1463740	31.7609	3536.78
E06000010	260645	-14.7768	3709.28
E09000021	175470	-12.4428	3546.5
E08000034	438727	-75.32	3702.3
E08000011	149571	-123.665	3686.82
E09000022	325917	-5.25202	3550.59
E10000017	1171339	-113.572	3712.02
E08000035	789194	-67.4002	3713.02
E06000016	355218	-48.9017	3631.94
E10000018	650489	-52.0361	3633.44
E09000023	303536	-1.02099	3550.23
E10000019	713653	-13.0522	3663.55
E08000012	494814	-127.677	3685.04
E06000032	214109	-18.7417	3580.53
E08000003	547627	-96.9513	3688.86
E06000035	277855	23.4052	3545.19
E09000024	206186	-8.57922	3547.34
E06000002	140545	-53.2904	3764.38
E06000042	268607	-32.6817	3590.69
E08000021	300196	-70.8996	3794.08
E09000025	352005	1.31649	3555.6
E10000020	857888	47.5055	3633.57
E06000012	159821	-4.38179	3695.79
E06000013	172005	-26.3091	3697.46
E06000024	213919	-122.941	3546.12
E08000022	205985	-65.3779	3796.45
E10000023	598376	-56.459	3735.22
E10000021	691952	-36.3851	3608.36
E06000057	320274	-78.407	3807.36
E06000018	331069	-50.8395	3654.33
E10000024	785802	-47.7723	3663.52
E08000004	235623	-91.4816	3694.46
E10000025	653798	-55.4471	3572.14
E06000031	201041	-11.5952	3628.68
E06000026	263100	-179.056	3476.65
E06000044	215133	-46.8119	3505.92
E06000038	163203	-42.8069	3550.33
E09000026	303858	2.96969	3558.95
E06000003	136718	-46.433	3765.54
E09000027	196904	-13.8498	3549.92
E08000005	220001	-94.3682	3698.48
E08000018	264671	-56.8606	3686.2
E06000017	39697	-29.488	3633.35
E08000006	254408	-101.529	3691.26
E08000028	327378	-87.2523	3623.37
E08000014	275396	-130.157	3693.98
E08000019	582506	-63.6148	3683.62
E06000051	320274	-117.932	3635.54
E06000039	149112	-25.7569	3554.31
E08000029	214909	-76.8914	3617.28
E10000027	529972	-123.977	3525.11
E06000025	282644	-108.478	3554.7
E08000023	150265	-63.0734	3793.15
E06000045	252796	-60.7011	3513.29
E06000033	182463	30.4652	3556.7
E09000028	317256	-3.40626	3552.41
E08000013	180049	-118.146	3688.26
E10000028	848489	-86.9305	3644.11
E08000007	291775	-93.5759	3684.48
E06000004	197213	-57.4471	3765.06
E06000021	255833	-94.0498	3657.92
E10000029	728163	47.1323	3600.18
E08000024	277417	-62.457	3787.55
E10000030	1132390	-19.5403	3539.62
E09000029	204525	-7.95013	3544.1
E06000030	221996	-77.3311	3558.19
E08000008	225197	-90.7119	3689.59
E06000020	177799	-106.855	3635.61
E06000034	172525	14.598	3553.15
E06000027	135780	-154.089	3480.94
E09000030	317705	-1.88408	3554.72
E08000009	236370	-101.425	3686.18
E08000036	345038	-61.8053	3703.63
E08000030	283378	-86.0096	3629.03
E09000031	276700	-0.377516	3559.56
E09000032	326474	-7.69327	3550.45
E06000007	209547	-112.048	3684.4
E10000031	545474	-67.2019	3611.37
E06000037	158527	-54.635	3548.48
E10000032	806892	-17.6283	3514.26
E09000033	255324	-6.48232	3554.42
E08000010	326088	-112.248	3693.1
E06000054	498064	-86.6387	3540.23
E06000040	150906	-29.3713	3552.56
E08000015	323235	-132.979	3683.21
E06000041	167979	-38.0187	3548.25
E08000031	262008	-92.0437	3628.51
E10000034	566169	-92.92	3605.05
E06000014	209893	-47.0248	3723.65
W06000019	69713	-138.673	3572.19
W06000013	144876	-156.466	3555.76
W06000018	181019	-139.225	3563.56
W06000015	364248	-138.291	3553.43
W06000010	187568	-181.103	3576
W06000008	72992	-182.859	3604.19
W06000003	117181	-162.376	3674.99
W06000004	95330	-147.784	3672.11
W06000005	155593	-135.377	3671.08
W06000002	124178	-179.581	3655.36
W06000001	69961	-190.264	3676.75
W06000024	60183	-146.025	3569.7
W06000021	94142	-122.598	3568.94
W06000012	142906	-164.381	3564.71
W06000022	153302	-129.989	3559.57
W06000009	125055	-213.01	3573.61
W06000023	132447	-145.053	3611.79
W06000016	240131	-147.696	3561.45
W06000011	246466	-172.748	3563.46
W06000020	93049	-131.834	3565.51
W06000014	132165	-142.958	3548.32
W06000006	136126	-130.502	3659.41
E06000058	395784	-81.8641	3500.77
W11000031	389372	-169.655	3563.92
W11000028	591225	-132.281	3564.53
W11000023	698369	-156.027	3666.92
W11000029	496413	-139.52	3552.09
W11000030	445190	-150.322	3560.74
W11000025	385615	-192.401	3581.48
W11000024	132447	-145.053	3611.79
N09000001	142492	-263.037	3774.07
N09000002	214090	-279.137	3752.4
N09000003	341877	-257.638	3766.92
N09000004	144246	-287.788	3801.77
N09000005	150679	-319.033	3789.76
N09000006	116835	-326.541	3754.35
N09000007	144381	-259.809	3762.71
N09000008	138773	-261.957	3783.09
N09000009	147392	-292.59	3769.31
N09000010	180012	-264.33	3742.09
N09000011	160864	-245.907	3768.11
